Please enter n (16-bits unsigned): n = 1: 1.000000000000000 (-0.414213562373095)
n = 2: 1.500000000000000 (0.085786437626905)
n = 3: 1.400000000000000 (-0.014213562373095)
n = 4: 1.416666666666667 (0.002453104293572)
