Input radius: 
set_radius: 0
Input x: 
get_tangent_area: 292553.401494
get_circle_circumference: 416.564931
Input n: 
get_outer_regular_polygon_area: 14014.301305
Input n: 
get_outer_regular_polygon_area: 17581.894369
Input n: 
get_inner_regular_polygon_area: 12432.276735
get_circle_area: 13808.787547
get_circle_area: 13808.787547
get_circle_area: 13808.787547
Input n: 
get_inner_regular_polygon_area: 13277.409798
get_circle_circumference: 416.564931
