Input radius: 
set_radius: 0
Input x: 
get_tangent_area: 483.126689
get_circle_area: 1340.579783
Input x: 
get_tangent_area: 2446.053925
Input n: 
get_outer_regular_polygon_area: 1706.879193
get_circle_circumference: 129.792998
Input x: 
get_tangent_area: 465.317656
get_circle_area: 1340.579783
get_circle_circumference: 129.792998
Input x: 
get_tangent_area: 698.559667
Input x: 
get_tangent_area: 441.580551
